0.0 -5.655215911789961
0.009775171065493646 -2.4490962260830007
0.019550342130987292 -3.258710581934375
0.02932551319648094 -5.116211852805778
0.039100684261974585 -4.044774390956902
0.04887585532746823 -3.416457525187379
0.05865102639296188 -1.808584537570216
0.06842619745845552 -3.620244200829987
0.07820136852394917 -2.334372635117689
0.08797653958944282 -2.399710006158179
0.09775171065493646 -3.374961196609211
0.10752688172043011 -0.5606081068748145
0.11730205278592376 -3.6137527600567885
0.1270772238514174 -2.106211331421818
0.13685239491691104 -2.683996063834108
0.1466275659824047 -0.37693377649532644
0.15640273704789834 -1.2485593071917647
0.16617790811339198 50.99883522160315
0.17595307917888564 -6.710644695310791
0.18572825024437928 0.35116653497232475
0.19550342130987292 -1.610858142031395
0.20527859237536658 -2.209792750490229
0.21505376344086022 -1.7894389609755117
0.22482893450635386 -1.5601253013032972
0.23460410557184752 -1.3976923674204018
0.24437927663734116 -2.3858760811742292
0.2541544477028348 1.7954061458458623
0.26392961876832843 -1.7725183922061416
0.27370478983382207 -0.4567063501551595
0.28347996089931576 -0.9764741564618065
0.2932551319648094 -1.842605943705216
0.30303030303030304 -2.9025231435502055
0.3128054740957967 -7.587466124027222
0.3225806451612903 -0.3199333772007603
0.33235581622678395 -2.570907094510478
0.3421309872922776 1.9154450479903464
0.3519061583577713 -0.7059075531896175
0.3616813294232649 -0.9859968605041818
0.37145650048875856 -1.1410839323014947
0.3812316715542522 -0.4106528061219075
0.39100684261974583 0.45348417765786286
0.40078201368523947 -0.14033744707483725
0.41055718475073316 1.1296062508276383
0.4203323558162268 -2.254294562766522
0.43010752688172044 -0.31149914449562865
0.4398826979472141 6.114458627059566
0.4496578690127077 0.2854954906423822
0.45943304007820135 5.23234144973935
0.46920821114369504 -8.071871515225173
0.4789833822091887 -1.0143123011313078
0.4887585532746823 -0.43259833439758666
0.49853372434017595 0.6709635334748051
0.5083088954056696 -6.414287128852813
0.5180840664711632 -0.6680039201280454
0.5278592375366569 -7.995414133284249
0.5376344086021505 -4.131091533716675
0.5474095796676441 -0.7000043654428728
0.5571847507331378 0.07598177273226064
0.5669599217986315 0.4257081453063364
0.5767350928641252 3.2029300801326888
0.5865102639296188 0.5508187749388688
0.5962854349951124 1.2252418649476264
0.6060606060606061 -0.8666584696639534
0.6158357771260997 5.51038279836867
0.6256109481915934 -0.6354285793486714
0.635386119257087 1.1118930071145425
0.6451612903225806 -1.3633181053632866
0.6549364613880743 -0.3418612537171175
0.6647116324535679 0.5333563031760147
0.6744868035190615 18.26632282652624
0.6842619745845552 2.9392557824886314
0.6940371456500489 2.3221022441645554
0.7038123167155426 5.067904197142207
0.7135874877810362 1.407371647054034
0.7233626588465298 1.6808016654292195
0.7331378299120235 1.5261934833475148
0.7429130009775171 1.932482244380378
0.7526881720430108 -2.890674577486963
0.7624633431085044 2.720852670175765
0.772238514173998 1.617914937359494
0.7820136852394917 2.2107185649202394
0.7917888563049853 0.9120121464931459
0.8015640273704789 -1.0252029417451238
0.8113391984359726 6.4871386756020515
0.8211143695014663 0.771473776947595
0.83088954056696 1.2677264891602027
0.8406647116324536 -8.12484543093494
0.8504398826979472 1.9096819608765223
0.8602150537634409 -2.4729619268316876
0.8699902248289345 0.0934046392757173
0.8797653958944281 -1.7799884153504468
0.8895405669599218 2.726336150545258
0.8993157380254154 2.5747959721721707
0.9090909090909091 4.792203899232863
0.9188660801564027 -1.3256039290804673
0.9286412512218963 5.712203239848344
0.9384164222873901 4.344775321586449
0.9481915933528837 2.2841881064927985
0.9579667644183774 4.180931171314751
0.967741935483871 3.5828964506908614
0.9775171065493646 2.3786032965577215
0.9872922776148583 2.6361114652841495
0.9970674486803519 3.7388994501417483
1.0068426197458455 4.8946416093270875
1.0166177908113392 2.527584937081655
1.0263929618768328 3.401528535686245
1.0361681329423265 1.3170301215597808
1.04594330400782 1.8634670823278014
1.0557184750733137 1.9011516394059906
1.0654936461388074 14.295539547803772
1.075268817204301 6.6678812767566615
1.0850439882697946 17.758592275733925
1.0948191593352883 3.070931772693677
1.104594330400782 6.372386108979509
1.1143695014662756 7.129764797278839
1.1241446725317692 4.947212711470594
1.133919843597263 4.172359426395202
1.1436950146627567 3.9598609047195543
1.1534701857282503 5.696728140442442
1.163245356793744 1.9502172483622133
1.1730205278592376 5.640173421640373
1.1827956989247312 4.098128522043585
1.1925708699902249 2.8788554149453596
1.2023460410557185 2.818367069066684
1.2121212121212122 2.886116578832052
1.2218963831867058 5.825866230310325
1.2316715542521994 2.9484585057566095
1.241446725317693 4.097985599609323
1.2512218963831867 8.009647462070488
1.2609970674486803 3.8583592193663
1.270772238514174 4.555010245346015
1.2805474095796676 2.5600346338996496
1.2903225806451613 4.853451356207544
1.300097751710655 5.885475763277624
1.3098729227761485 4.482161289120025
1.3196480938416422 5.4595672388562235
1.3294232649071358 5.834035466638695
1.3391984359726294 6.046131426895233
1.348973607038123 3.9245396064682208
1.3587487781036167 4.970915379972741
1.3685239491691104 6.998333703392523
1.3782991202346042 5.373354415456026
1.3880742913000979 5.616191236468111
1.3978494623655915 5.480373934032135
1.4076246334310851 -8.350248898385727
1.4173998044965788 8.787825100354116
1.4271749755620724 4.839746832054725
1.436950146627566 5.905893415191997
1.4467253176930597 6.212102175405586
1.4565004887585533 4.108335151853697
1.466275659824047 4.393464314763616
1.4760508308895406 6.7990633469649095
1.4858260019550342 5.742975928086616
1.4956011730205279 5.95438608022495
1.5053763440860215 4.995581160466321
1.5151515151515151 9.771005576674314
1.5249266862170088 4.0496259139753
1.5347018572825024 9.883827957735239
1.544477028347996 -6.5207917475255215
1.5542521994134897 7.161677416099345
1.5640273704789833 6.554717940793216
1.573802541544477 6.100633199848912
1.5835777126099706 7.151051676932136
1.5933528836754642 5.968309846188834
1.6031280547409579 6.412809330158447
1.6129032258064515 7.067827704014371
1.6226783968719452 16.071987370554474
1.632453567937439 4.446270395301284
1.6422287390029326 7.902076527042777
1.6520039100684263 8.097570440326653
1.66177908113392 6.648711153566793
1.6715542521994136 5.662426317223163
1.6813294232649072 -5.778112147807009
1.6911045943304008 8.112286695966107
1.7008797653958945 6.813126470429723
1.710654936461388 8.361872540129509
1.7204301075268817 7.080391753363647
1.7302052785923754 8.686731240798183
1.739980449657869 6.618397006760497
1.7497556207233627 8.165853735387202
1.7595307917888563 6.963580326362082
1.76930596285435 2.102773435986946
1.7790811339198436 7.349627547936277
1.7888563049853372 7.548028312086775
1.7986314760508308 9.594727641267164
1.8084066471163245 7.803791583033624
1.8181818181818181 5.843181294703969
1.8279569892473118 11.21858063263521
1.8377321603128054 5.304896405622041
1.847507331378299 5.628481041062525
1.8572825024437927 32.25856269743015
1.8670576735092863 11.63795619774885
1.8768328445747802 4.9055954884088315
1.8866080156402738 8.980686890302318
1.8963831867057674 10.130417397765404
1.906158357771261 7.63005662967694
1.9159335288367547 7.500285551127924
1.9257086999022484 7.268097858122387
1.935483870967742 6.578219088104204
1.9452590420332356 8.654797007721877
1.9550342130987293 -8.375396442084178
1.964809384164223 9.0867166784487
1.9745845552297165 3.9569751645727944
1.9843597262952102 11.486918516247602
1.9941348973607038 9.37381721906585
2.0039100684261975 8.886452842611238
2.013685239491691 -19.939766724041707
2.0234604105571847 10.498519357275946
2.0332355816226784 8.502308121325253
2.043010752688172 9.109909992399661
2.0527859237536656 9.174921005676763
2.0625610948191593 9.875126397405296
2.072336265884653 47.90325409656269
2.0821114369501466 8.124301866836078
2.09188660801564 9.511321896195145
2.101661779081134 10.693106262809764
2.1114369501466275 1.4959684017456283
2.121212121212121 -13.347996118192924
2.1309872922776147 10.2373595624218
2.1407624633431084 10.29650507411251
2.150537634408602 9.635251969517588
2.1603128054740957 9.102559563330232
2.1700879765395893 9.16347838804216
2.179863147605083 9.228473061358155
2.1896383186705766 9.873904204286033
2.19941348973607 9.720478681028741
2.209188660801564 9.321572078871522
2.2189638318670575 9.094889587771219
2.228739002932551 9.232827089045509
2.2385141739980448 11.484127566412763
2.2482893450635384 10.833578604917038
2.2580645161290325 12.265674143867463
2.267839687194526 11.246648553139721
2.2776148582600197 10.920686352433849
2.2873900293255134 9.01137413846507
2.297165200391007 4.237470168217579
2.3069403714565007 10.735024904491262
2.3167155425219943 11.774565137348326
2.326490713587488 12.35098929005568
2.3362658846529816 10.368423671311227
2.346041055718475 10.61393833852116
2.355816226783969 9.997418637688675
2.3655913978494625 13.659302725442426
2.375366568914956 11.954906756878605
2.3851417399804498 10.178398554314608
2.3949169110459434 11.202339555447155
2.404692082111437 10.510240027394852
2.4144672531769307 13.392551726567042
2.4242424242424243 11.309040020152095
2.434017595307918 74.12203238082971
2.4437927663734116 -18.438162372928662
2.4535679374389052 14.46339085418707
2.463343108504399 10.411901439142014
2.4731182795698925 5.552486921785617
2.482893450635386 10.816286367856764
2.4926686217008798 20.559714745154302
2.5024437927663734 11.868727969589772
2.512218963831867 11.158663857395641
2.5219941348973607 10.680960234223384
2.5317693059628543 12.354129887865877
2.541544477028348 9.575695946373393
2.5513196480938416 12.380842157425135
2.5610948191593352 13.722070685581716
2.570869990224829 10.264783867174941
2.5806451612903225 12.935587752118037
2.590420332355816 10.531925601504932
2.60019550342131 11.943571166955461
2.6099706744868034 13.397407928465386
2.619745845552297 10.783042116290218
2.6295210166177907 7.836056170664021
2.6392961876832843 13.416057115836916
2.649071358748778 11.350037293476912
2.6588465298142716 14.263659176633611
2.6686217008797652 12.78727452455105
2.678396871945259 11.936419675822924
2.6881720430107525 13.246633930587665
2.697947214076246 12.502844712541627
2.70772238514174 13.107710890110157
2.7174975562072334 13.153699778859254
2.727272727272727 11.007106889138667
2.7370478983382207 7.314838980866359
2.7468230694037143 16.010110902222213
2.7565982404692084 13.125946115754903
2.766373411534702 19.640943473614456
2.7761485826001957 -3.4502398807636716
2.7859237536656893 13.001737580564592
2.795698924731183 13.97477012082593
2.8054740957966766 14.109864739257159
2.8152492668621703 11.383196419427419
2.825024437927664 13.783570638864513
2.8347996089931575 12.769560955407345
2.844574780058651 30.584815405120455
2.854349951124145 -28.062998530631127
2.8641251221896384 11.931490456805623
2.873900293255132 14.187112636478917
2.8836754643206257 16.22902399427452
2.8934506353861194 14.659382231944637
2.903225806451613 14.44338893101708
2.9130009775171066 15.148842397672295
2.9227761485826003 14.200080884025489
2.932551319648094 12.428397650266099
2.9423264907135875 16.49140036648169
2.952101661779081 17.54287921405
2.961876832844575 9.665625804390821
2.9716520039100685 13.91352634510826
2.981427174975562 15.223085916369634
2.9912023460410557 13.766186872571696
3.0009775171065494 17.13061404543751
3.010752688172043 13.901628354252573
3.0205278592375366 13.790648552387694
3.0303030303030303 14.9662882920107
3.040078201368524 -14.180085620606786
3.0498533724340176 19.96475861836491
3.059628543499511 7.528399837993155
3.069403714565005 14.923993833111282
3.0791788856304985 13.985411815549375
3.088954056695992 15.70499228252871
3.0987292277614857 15.23438591914863
3.1085043988269794 14.488308538031303
3.118279569892473 17.95838768309631
3.1280547409579667 16.687767829142974
3.1378299120234603 14.518717008796177
3.147605083088954 14.467964213117606
3.1573802541544476 17.644034353514698
3.167155425219941 19.060080994691344
3.176930596285435 17.63637973935538
3.1867057673509285 17.42593458430406
3.196480938416422 17.2409772490688
3.2062561094819158 42.71595456574677
3.2160312805474094 16.413768084962182
3.225806451612903 16.392982836735484
3.2355816226783967 16.878967940772544
3.2453567937438903 15.025275619204578
3.2551319648093844 16.286526170483533
3.264907135874878 13.276515999630739
3.2746823069403717 -4.474001209003404
3.2844574780058653 17.183869644720573
3.294232649071359 13.953996936997045
3.3040078201368526 0.28077253948410075
3.313782991202346 17.206333699076797
3.32355816226784 16.541875002749137
3.3333333333333335 16.52279692009931
3.343108504398827 15.679186533906002
3.3528836754643208 17.834852472442904
3.3626588465298144 22.527531835388988
3.372434017595308 22.315570416784517
3.3822091886608017 13.638319142793298
3.3919843597262953 19.390030537850734
3.401759530791789 18.238272992751813
3.4115347018572826 20.03721400459751
3.421309872922776 16.881634182498637
3.43108504398827 17.545538326951938
3.4408602150537635 -0.723337227271653
3.450635386119257 16.668373045372828
3.4604105571847508 18.006620843992426
3.4701857282502444 18.078157731383605
3.479960899315738 17.596915264707366
3.4897360703812317 18.130711057723733
3.4995112414467253 17.62432121248753
3.509286412512219 16.440593090003002
3.5190615835777126 15.922496717033201
3.5288367546432062 -9.894310181341272
3.5386119257087 13.742340011536207
3.5483870967741935 21.962639412938866
3.558162267839687 18.220503554158046
3.567937438905181 19.73865980532858
3.5777126099706744 12.93322234119342
3.587487781036168 18.89890789948275
3.5972629521016617 17.94940434347264
3.6070381231671553 20.8661444672119
3.616813294232649 18.77243136507964
3.6265884652981426 21.30171638935143
3.6363636363636362 19.009457912375627
3.64613880742913 151.6398354138964
3.6559139784946235 18.49248979696459
3.665689149560117 -4078.34037738636
3.675464320625611 16.106187962706986
3.6852394916911044 18.242944826949696
3.695014662756598 20.520139518354046
3.7047898338220917 19.438431138220086
3.7145650048875853 17.947439352777955
3.724340175953079 18.704736542093876
3.7341153470185726 19.081113819897446
3.7438905180840663 21.55858367177141
3.7536656891495603 25.324651276706195
3.763440860215054 19.55678011922732
3.7732160312805476 29.608255511123648
3.7829912023460412 12.63274131087826
3.792766373411535 20.674510348298487
3.8025415444770285 19.538130555022065
3.812316715542522 19.261371766135493
3.822091886608016 19.22175401219808
3.8318670576735094 19.36361804796972
3.841642228739003 3.617925060164268
3.8514173998044967 19.41668644076644
3.8611925708699903 14.400485704862987
3.870967741935484 28.903816437427512
3.8807429130009776 19.3880197643776
3.8905180840664713 18.76595018974488
3.900293255131965 18.163816671100445
3.9100684261974585 21.503811587895875
3.919843597262952 29.99567664149577
3.929618768328446 20.966287346247153
3.9393939393939394 20.22821450680505
3.949169110459433 20.82948059580007
3.9589442815249267 21.28968978928839
3.9687194525904204 20.577517027537503
3.978494623655914 30.609857051674105
3.9882697947214076 15.789497171780477
3.9980449657869013 31.536518016003534
4.007820136852395 21.46561522961397
4.0175953079178885 21.284985422761217
4.027370478983382 35.090741546006186
4.037145650048876 22.47402879481478
4.0469208211143695 21.31121397374772
4.056695992179863 21.596846136933177
4.066471163245357 21.071175901196032
4.07624633431085 21.29308210638071
4.086021505376344 19.15431697128645
4.095796676441838 22.11842687641719
4.105571847507331 23.84806774191155
4.115347018572825 21.28451979381229
4.125122189638319 22.015109162601615
4.134897360703812 22.623503659837883
4.144672531769306 21.657847444131555
4.1544477028347995 20.826866746142038
4.164222873900293 21.95063249038888
4.173998044965787 22.320914502189925
4.18377321603128 24.94703955388504
4.193548387096774 20.39981719047478
4.203323558162268 16.53379742922027
4.213098729227761 21.927007044650836
4.222873900293255 23.751862538646446
4.232649071358749 21.376021037847995
4.242424242424242 26.991152529440924
4.252199413489736 21.893545038139706
4.2619745845552295 23.740751375814487
4.271749755620723 22.70787096184069
4.281524926686217 21.866476383151365
4.29130009775171 22.959404967986583
4.301075268817204 23.101144505959496
4.310850439882698 24.04151065223883
4.320625610948191 25.029991263225128
4.330400782013685 22.712851995587513
4.340175953079179 22.800412157572367
4.349951124144672 21.023713442888088
4.359726295210166 16.79439134324596
4.3695014662756595 20.532835443501877
4.379276637341153 23.934816016744502
4.389051808406647 23.003469119955547
4.39882697947214 21.207303312932314
4.408602150537634 24.27352890923331
4.418377321603128 23.553850536216753
4.428152492668621 20.394204183968405
4.437927663734115 19.641953943365948
4.447702834799609 24.77156569627153
4.457478005865102 20.802059590806174
4.467253176930596 24.881138598511818
4.4770283479960895 23.203349646959847
4.486803519061583 24.25764068649104
4.496578690127077 22.22130723050494
4.506353861192571 26.328364892692246
4.516129032258065 29.634342302529387
4.525904203323559 24.484267769849623
4.535679374389052 23.166406281579448
4.545454545454546 26.16807878275137
4.5552297165200395 70.65584693802924
4.565004887585533 24.534969596421515
4.574780058651027 25.42914680352666
4.58455522971652 22.482110796780823
4.594330400782014 19.46957710545081
4.604105571847508 25.140569115928827
4.613880742913001 24.584556344146108
4.623655913978495 24.24753894075165
4.633431085043989 23.724662230546127
4.643206256109482 24.042622249218844
4.652981427174976 25.39568628581097
4.6627565982404695 27.216181296391206
4.672531769305963 27.60433868046267
4.682306940371457 25.492287645812517
4.69208211143695 25.349562205218255
4.701857282502444 25.445018429906614
4.711632453567938 7.841804467026872
4.721407624633431 25.63330329752172
4.731182795698925 25.029886330182304
4.740957966764419 19.74274184427436
4.750733137829912 25.86989650572341
4.760508308895406 30.163037543495424
4.7702834799608995 31.86923171868231
4.780058651026393 23.954277833005165
4.789833822091887 25.14273308713711
4.79960899315738 22.522492498319743
4.809384164222874 26.684531454730283
4.819159335288368 26.129124521492145
4.828934506353861 27.275345003310306
4.838709677419355 24.695886659509434
4.848484848484849 26.627742260474296
4.858260019550342 15.061077595719826
4.868035190615836 58.916477718700726
4.8778103616813295 24.374051624290978
4.887585532746823 26.388508314882536
4.897360703812317 24.816467758290532
4.9071358748778104 28.176850532018772
4.916911045943304 25.080798932493067
4.926686217008798 26.9308966086756
4.936461388074291 26.139409687550394
4.946236559139785 25.431131500031537
4.956011730205279 20.14638064946253
4.965786901270772 26.423396917803892
4.975562072336266 28.509149738318705
4.9853372434017595 27.597109198084457
4.995112414467253 27.439324791411323
5.004887585532747 27.50517756437984
5.0146627565982405 27.105807824103035
5.024437927663734 28.35477955590197
5.034213098729228 26.11244878500618
5.043988269794721 25.42796345539638
5.053763440860215 34.134445582035916
5.063538611925709 21.853607478718338
5.073313782991202 26.04824947644901
5.083088954056696 23.877158573506144
5.0928641251221896 31.955769728469534
5.102639296187683 28.61443572984313
5.112414467253177 28.17366069495522
5.1221896383186705 25.952491535122373
5.131964809384164 31.582340366256897
5.141739980449658 31.205212430393885
5.151515151515151 28.43018985320834
5.161290322580645 28.13790123132921
5.171065493646139 30.173469320033483
5.180840664711632 27.167937447030035
5.190615835777126 29.95230750818095
5.20039100684262 25.64709384871705
5.210166177908113 28.25123185388824
5.219941348973607 28.60094825637064
5.2297165200391005 24.14546244239098
5.239491691104594 29.094699396611777
5.249266862170088 26.701369726356816
5.259042033235581 29.603672717671092
5.268817204301075 26.30493151148356
5.278592375366569 32.52379782222543
5.288367546432062 33.68012246049656
5.298142717497556 24.727180839564493
5.30791788856305 1.7883878135006483
5.317693059628543 28.749819718177992
5.327468230694037 35.10086288359996
5.3372434017595305 31.907791228265232
5.347018572825024 29.60694106468305
5.356793743890518 29.772874680422365
5.366568914956011 32.53776313750789
5.376344086021505 29.19086879793647
5.386119257086999 30.27136215986887
5.395894428152492 27.70565537480863
5.405669599217986 35.11764156746311
5.41544477028348 28.86439720285974
5.425219941348973 28.95999744342055
5.434995112414467 27.381600258956556
5.4447702834799605 29.718012572056754
5.454545454545454 22.670527226291277
5.464320625610948 29.5750580063533
5.474095796676441 29.23955921405075
5.483870967741935 26.816008279189347
5.493646138807429 28.844126544460003
5.503421309872922 30.484486396472928
5.513196480938417 26.928283300652712
5.5229716520039105 39.75910683520864
5.532746823069404 77.89984867941895
5.542521994134898 29.591315153206505
5.552297165200391 31.29191623687335
5.562072336265885 30.06985902162302
5.571847507331379 37.52103842886599
5.581622678396872 28.598178591629765
5.591397849462366 28.356092463033548
5.60117302052786 32.802752491934214
5.610948191593353 38.144777478964855
5.620723362658847 31.62909184259827
5.6304985337243405 31.1693383533032
5.640273704789834 30.157607645830822
5.650048875855328 27.308162444038288
5.659824046920821 53.382462169161975
5.669599217986315 32.13489578371335
5.679374389051809 77.43344461044214
5.689149560117302 30.503447959191178
5.698924731182796 32.31549855694019
5.70869990224829 29.932812209760357
5.718475073313783 31.29171163540045
5.728250244379277 30.26893498457645
5.7380254154447705 33.15054018546812
5.747800586510264 32.527967941955794
5.757575757575758 25.426435854132993
5.767350928641251 37.039138220466654
5.777126099706745 31.648953122771434
5.786901270772239 32.03383728930661
5.796676441837732 1.9605943620360158
5.806451612903226 31.46784060505864
5.81622678396872 31.48868296043071
5.826001955034213 31.972527146439127
5.835777126099707 23.216799111367628
5.8455522971652005 32.51947996487364
5.855327468230694 31.414399482062862
5.865102639296188 31.35373865814893
5.874877810361681 30.124539146179394
5.884652981427175 32.121180238231645
5.894428152492669 28.302368211624916
5.904203323558162 32.72017224352536
5.913978494623656 30.912806074322344
5.92375366568915 33.26276159950474
5.933528836754643 34.065247176267164
5.943304007820137 32.21372091293465
5.9530791788856305 39.82728662009675
5.962854349951124 32.328948466940794
5.972629521016618 34.040045955762
5.9824046920821115 34.70866352497221
5.992179863147605 32.836927609015916
6.001955034213099 33.117758681297715
6.011730205278592 34.02310103431939
6.021505376344086 49.29886764822418
6.03128054740958 89.39755021269934
6.041055718475073 34.7200814031626
6.050830889540567 32.96679827198874
6.0606060606060606 33.077574858850134
6.070381231671554 32.45975497659287
6.080156402737048 35.91941074675927
6.0899315738025415 32.81813829083512
6.099706744868035 33.910625310887575
6.109481915933529 31.853681037433006
6.119257086999022 31.114484932857664
6.129032258064516 34.649529834058555
6.13880742913001 34.7285045607997
6.148582600195503 33.24342447769196
6.158357771260997 33.99806738940154
6.168132942326491 36.19500813919971
6.177908113391984 32.9412911654366
6.187683284457478 31.23396038363835
6.1974584555229715 34.41221135886803
6.207233626588465 38.25936922384685
6.217008797653959 31.213184407682512
6.226783968719452 35.297719948984025
6.236559139784946 35.823195107545466
6.24633431085044 34.9651990939511
6.256109481915933 29.929706236273613
6.265884652981427 34.338734147821974
6.275659824046921 33.20651694738296
6.285434995112414 34.687081984140974
6.295210166177908 35.43052196857899
6.3049853372434015 12.785339176594015
6.314760508308895 27.118220928898157
6.324535679374389 33.756646128766384
6.334310850439882 36.92372345414319
6.344086021505376 34.90062533963491
6.35386119257087 35.75010880708849
6.363636363636363 35.45432674854938
6.373411534701857 33.86837436101368
6.383186705767351 34.50500061409113
6.392961876832844 33.42952458949097
6.402737047898338 34.5631353826617
6.4125122189638315 33.46822596611644
6.422287390029325 35.79033522253966
6.432062561094819 36.59491580014554
6.441837732160312 34.50575771347505
6.451612903225806 35.20325844580557
6.4613880742913 36.91848467802346
6.471163245356793 33.45923265223194
6.480938416422287 36.1025881306962
6.490713587487781 35.19930319873843
6.500488758553274 40.520378906481405
6.510263929618769 34.477234697980705
6.520039100684262 37.27916848243704
6.529814271749756 25.789191608922767
6.53958944281525 34.44310087194969
6.549364613880743 40.371459758033424
6.559139784946237 36.23927100367459
6.568914956011731 37.13268554597772
6.578690127077224 37.592658693026976
6.588465298142718 36.53878417757831
6.5982404692082115 43.70368829261987
6.608015640273705 30.148414064695565
6.617790811339199 39.32438106207866
6.627565982404692 34.06412288115936
6.637341153470186 36.012505053796005
6.64711632453568 34.894514260094
6.656891495601173 37.02916087122727
6.666666666666667 36.5935733504714
6.676441837732161 36.98695024939426
6.686217008797654 37.71754339648761
6.695992179863148 46.098265732440055
6.7057673509286415 36.76827582804742
6.715542521994135 36.0567614291605
6.725317693059629 35.75005005893587
6.735092864125122 33.05898479097081
6.744868035190616 37.09009398467841
6.75464320625611 32.214695611847475
6.764418377321603 38.51230617069056
6.774193548387097 37.27965079586759
6.783968719452591 35.92238845865559
6.793743890518084 37.00056609570606
6.803519061583578 38.0350107879421
6.8132942326490715 35.41019998963432
6.823069403714565 39.723959088504415
6.832844574780059 35.179692181496485
6.842619745845552 38.21030070032586
6.852394916911046 36.91691951237837
6.86217008797654 49.30508862828026
6.871945259042033 37.93891866470937
6.881720430107527 35.56058442255617
6.891495601173021 39.12054974809258
6.901270772238514 39.34917541170227
6.911045943304008 41.99306777206511
6.9208211143695015 38.92293250330394
6.930596285434995 40.866655568166365
6.940371456500489 36.038357309944075
6.9501466275659824 38.074823652619735
6.959921798631476 37.00897949431147
6.96969696969697 41.7166355057034
6.979472140762463 37.26687661869104
6.989247311827957 36.74187940971416
6.999022482893451 37.533764981772954
7.008797653958944 31.71839762198922
7.018572825024438 36.06120893468146
7.0283479960899315 40.61406711686836
7.038123167155425 45.74175967709893
7.047898338220919 40.268935872730054
7.0576735092864125 38.9374788565096
7.067448680351906 35.33356144316776
7.0772238514174 37.91077676343901
7.086999022482893 45.74129554621107
7.096774193548387 38.59150179905295
7.106549364613881 39.63723843119644
7.116324535679374 38.76431205330652
7.126099706744868 39.641260046907455
7.135874877810362 37.5357218332058
7.145650048875855 40.14078070604357
7.155425219941349 40.435734850508815
7.1652003910068425 34.846585514151556
7.174975562072336 39.49836962918566
7.18475073313783 38.09798188172318
7.194525904203323 40.524265294406526
7.204301075268817 28.497361445505483
7.214076246334311 42.51211448490144
7.223851417399804 38.2081615289266
7.233626588465298 39.70283797603271
7.243401759530792 36.78969612969775
7.253176930596285 40.70892525697478
7.262952101661779 40.85400760747928
7.2727272727272725 40.30208481708901
7.282502443792766 39.88726793718526
7.29227761485826 42.01339981507936
7.302052785923753 46.7383951469402
7.311827956989247 43.885498793400465
7.321603128054741 39.55624911622202
7.331378299120234 36.82291230184179
7.341153470185728 40.9013269570693
7.350928641251222 40.335717162390075
7.360703812316715 41.41773995387315
7.370478983382209 41.08084624710583
7.3802541544477025 40.943183476649594
7.390029325513196 45.36639520750406
7.39980449657869 38.230739754597444
7.409579667644183 45.99193095163229
7.419354838709677 34.827395852066545
7.429130009775171 41.12926320356815
7.438905180840664 43.65780137722444
7.448680351906158 40.87977178687772
7.458455522971652 42.19921525538627
7.468230694037145 42.61791412396969
7.478005865102639 41.35518315808542
7.4877810361681325 43.36893619074812
7.497556207233626 43.1780655471439
7.507331378299121 48.57890199988206
7.517106549364614 43.07826815671925
7.526881720430108 41.15851270826906
7.536656891495602 41.800203689311516
7.546432062561095 42.767872089690634
7.556207233626589 42.35693087186213
7.5659824046920825 42.329953323382306
7.575757575757576 44.45699344652679
7.58553274682307 41.5216563008193
7.595307917888563 44.26415181874799
7.605083088954057 42.487420326144225
7.614858260019551 46.52027569328403
7.624633431085044 42.570755621828816
7.634408602150538 41.765737685634356
7.644183773216032 47.74168409264202
7.653958944281525 40.636281494337226
7.663734115347019 42.820916750368454
7.6735092864125125 27.25949086970173
7.683284457478006 44.22257670164017
7.6930596285435 47.080377233207074
7.702834799608993 42.78296096414769
7.712609970674487 43.675431418540015
7.722385141739981 42.957865597229706
7.732160312805474 43.46480457891397
7.741935483870968 45.41597117404001
7.751710654936462 42.260180093563875
7.761485826001955 45.70931071255341
7.771260997067449 27.97968899958514
7.7810361681329425 42.154554313491296
7.790811339198436 44.67251866403553
7.80058651026393 45.21971022236797
7.810361681329423 -28.159643096708308
7.820136852394917 44.191548261495804
7.829912023460411 45.186075754592174
7.839687194525904 42.958434646173245
7.849462365591398 50.40913588705479
7.859237536656892 45.353208991606834
7.869012707722385 42.692745008364525
7.878787878787879 48.44708208571577
7.8885630498533725 44.94679501610315
7.898338220918866 47.244035227846474
7.90811339198436 43.762500941895226
7.9178885630498534 44.71601075668592
7.927663734115347 45.438586617242564
7.937438905180841 44.72779225323043
7.947214076246334 44.78287874746951
7.956989247311828 43.46748511938205
7.966764418377322 43.54106809210482
7.976539589442815 44.88285861323751
7.986314760508309 46.192051153105
7.9960899315738025 27.879009676267454
8.005865102639296 45.625060534062456
8.01564027370479 45.64192657737936
8.025415444770283 45.990275438716026
8.035190615835777 43.927139686427836
8.04496578690127 46.8987832398445
8.054740957966764 43.87620235944656
8.064516129032258 46.39963886407747
8.074291300097752 43.780185998882494
8.084066471163245 45.09035109525294
8.093841642228739 44.245025869269895
8.103616813294233 29.259032456561815
8.113391984359726 48.96566483624318
8.12316715542522 47.439379000183386
8.132942326490713 46.018930160722846
8.142717497556207 46.29504067800291
8.1524926686217 49.7241783056805
8.162267839687194 46.216609204113716
8.172043010752688 46.37934199347023
8.181818181818182 -33.07096387077702
8.191593352883675 14.143011614599715
8.201368523949169 45.33887924139942
8.211143695014663 48.230349042995904
8.220918866080156 47.45560735904761
8.23069403714565 -1874.6095382754427
8.240469208211143 44.42193273621275
8.250244379276637 42.99960592413924
8.26001955034213 44.952157354155545
8.269794721407624 43.987798451499785
8.279569892473118 45.11713488930897
8.289345063538612 45.83223297492995
8.299120234604105 45.05188538157292
8.308895405669599 35.11083786807842
8.318670576735093 46.93913594451905
8.328445747800586 46.53263270336942
8.33822091886608 54.546666267188876
8.347996089931573 45.69612496470778
8.357771260997067 47.43803060201404
8.36754643206256 47.28347860948174
8.377321603128054 47.6062574493013
8.387096774193548 47.40229956135377
8.396871945259042 47.262771388831375
8.406647116324535 47.32285804521924
8.416422287390029 47.12418643566597
8.426197458455523 47.30087074628785
8.435972629521016 46.015595955597625
8.44574780058651 -84.19237754664347
8.455522971652004 48.68231492053653
8.465298142717497 43.52420297316817
8.47507331378299 47.71078574496908
8.484848484848484 32.391232767149305
8.494623655913978 48.26768110586739
8.504398826979472 48.223120659661156
8.514173998044965 43.67132872386841
8.523949169110459 48.755202933238216
8.533724340175953 48.32919898076414
8.543499511241446 50.94206928528345
8.55327468230694 48.99333644260164
8.563049853372434 52.50450287023256
8.572825024437927 49.01494612133662
8.58260019550342 47.84073976994253
8.592375366568914 48.57021781980383
8.602150537634408 51.42674290537218
8.611925708699902 48.192494081295024
8.621700879765395 47.871526982556084
8.631476050830889 50.36600210524649
8.641251221896383 52.15288026318459
8.651026392961876 50.99483768436513
8.66080156402737 48.97341165737545
8.670576735092864 49.605260797328796
8.680351906158357 43.061920936913296
8.69012707722385 47.60790160744494
8.699902248289344 59.00176463524069
8.709677419354838 47.977538502612816
8.719452590420332 49.608188029220244
8.729227761485825 48.67390793773045
8.739002932551319 58.869654333616076
8.748778103616813 51.785045102969704
8.758553274682306 50.4874794515074
8.7683284457478 49.35069198578253
8.778103616813294 50.7493942661725
8.787878787878787 50.180103697693035
8.79765395894428 48.897595429500164
8.807429130009774 49.80267281889638
8.817204301075268 50.07244757534897
8.826979472140762 49.60256842124362
8.836754643206255 48.962404568725184
8.846529814271749 59.09111103831227
8.856304985337243 51.88017075738641
8.866080156402736 50.56234923130001
8.87585532746823 49.607910536557135
8.885630498533724 51.29156845535802
8.895405669599217 55.26260108353694
8.90518084066471 49.596745975435404
8.914956011730204 51.698700539175384
8.924731182795698 48.019902628281834
8.934506353861192 40.894090636532255
8.944281524926685 50.869455772425205
8.954056695992179 53.77261834819509
8.963831867057673 52.84420547641602
8.973607038123166 49.37652420854083
8.98338220918866 51.51821642834263
8.993157380254154 50.42274974002837
9.002932551319647 51.4379832081843
9.012707722385143 51.34023024709866
9.022482893450636 51.728724918846716
9.03225806451613 50.875314380788346
9.042033235581624 49.36766363522128
9.051808406647117 52.02094465366696
9.06158357771261 51.48538828222198
9.071358748778104 52.70552483885891
9.081133919843598 51.11039853263986
9.090909090909092 44.85159489779325
9.100684261974585 53.608457146046675
9.110459433040079 51.71928367152734
9.120234604105573 48.69041355177275
9.130009775171066 72.89789340400435
9.13978494623656 48.650208001865295
9.149560117302054 52.19252416358356
9.159335288367547 52.55326311154258
9.16911045943304 50.9243855556281
9.178885630498534 52.30598083260945
9.188660801564028 43.04700033775558
9.198435972629522 51.672403406966154
9.208211143695015 50.347939994816784
9.217986314760509 102.01873073963624
9.227761485826003 52.103728588800124
9.237536656891496 52.4674463859092
9.24731182795699 52.26202059342549
9.257086999022484 43.15978696959376
9.266862170087977 53.84547199166317
9.27663734115347 56.51229514485603
9.286412512218964 52.18913897394057
9.296187683284458 53.68135035779496
9.305962854349952 51.496877822691125
9.315738025415445 52.084942621505874
9.325513196480939 53.72200513392305
9.335288367546433 50.78222016932567
9.345063538611926 53.375551376654975
9.35483870967742 50.54730887167189
9.364613880742914 53.59458486669855
9.374389051808407 54.0051011459774
9.3841642228739 52.911526972897484
9.393939393939394 28.414724665526858
9.403714565004888 52.314528522704286
9.413489736070382 50.00799728589129
9.423264907135875 54.562922871750246
9.433040078201369 65.12403239783961
9.442815249266863 43.80722280362725
9.452590420332356 52.15138264783491
9.46236559139785 54.249313647521944
9.472140762463344 53.1741398067857
9.481915933528837 52.61991858005464
9.49169110459433 51.58596725017562
9.501466275659824 53.476294221550894
9.511241446725318 54.64098475420215
9.521016617790812 39.45646336592273
9.530791788856305 51.35180476874865
9.540566959921799 53.040710169404875
9.550342130987293 55.15842958574313
9.560117302052786 53.87004855777928
9.56989247311828 54.0703141756225
9.579667644183774 54.75798688306477
9.589442815249267 57.617117361822416
9.59921798631476 57.33429685371306
9.608993157380255 54.53527356269056
9.618768328445748 51.01477430377161
9.628543499511242 55.56522600416849
9.638318670576735 53.78205827736316
9.648093841642229 56.19545365379168
9.657869012707723 55.90124970992904
9.667644183773216 55.12205450179239
9.67741935483871 55.00388749846454
9.687194525904204 55.84086779409709
9.696969696969697 55.647734258079545
9.70674486803519 64.64698684620733
9.716520039100685 57.2845504872295
9.726295210166178 54.90158497938946
9.736070381231672 55.75249479147966
9.745845552297165 53.10225349099116
9.755620723362659 54.92512829192332
9.765395894428153 56.05917892044025
9.775171065493646 57.700964039366575
9.78494623655914 56.4433307793263
9.794721407624634 52.42930966410822
9.804496578690127 53.506194144394094
9.814271749755621 55.24820287528465
9.824046920821115 64.9354445869751
9.833822091886608 64.86416087687508
9.843597262952102 54.896070260871525
9.853372434017595 55.41834772071917
9.863147605083089 57.92556645320988
9.872922776148583 58.1633144704146
9.882697947214076 44.88721541414177
9.89247311827957 52.55549370278513
9.902248289345064 56.72786159619051
9.912023460410557 58.74758561100744
9.921798631476051 54.05465971573989
9.931573802541545 55.74430997449867
9.941348973607038 49.89890088571842
9.951124144672532 56.06163593103476
9.960899315738025 41.70964830995336
9.970674486803519 56.29189044052086
9.980449657869013 55.926597588939565
9.990224828934506 73.57555065037872
10.0 57.00973057895591
