0.0 -5.655215911789961
0.07874015748031496 -2.0353063075940727
0.15748031496062992 -2.431130744956519
0.23622047244094488 -3.8748420973389948
0.31496062992125984 -2.38961471700119
0.39370078740157477 -1.3475079327427395
0.47244094488188976 0.674154973363351
0.5511811023622047 -0.7237147714074916
0.6299212598425197 0.9759467127937336
0.7086614173228346 1.3243992602421715
0.7874015748031495 0.7629379882800676
0.8661417322834646 3.991080996503392
0.9448818897637795 1.3517262618103456
1.0236220472440944 3.273057608934244
1.1023622047244095 3.109062795010883
1.1811023622047243 5.829915000838591
1.2598425196850394 5.372079388631081
1.3385826771653544 58.03326383591492
1.4173228346456692 0.7375738374899097
1.4960629921259843 8.213174986261954
1.574803149606299 6.664940227747162
1.6535433070866141 6.479795537777257
1.7322834645669292 7.313939245780901
1.811023622047244 7.957042823942043
1.889763779527559 8.533265676313867
1.968503937007874 7.958871881048968
2.047244094488189 12.553944026557987
2.1259842519685037 9.39980940699491
2.204724409448819 11.129411367534823
2.283464566929134 11.023433479717102
2.3622047244094486 10.57109161096262
2.440944881889764 9.92496432960656
2.5196850393700787 5.65381126761847
2.5984251968503935 13.335133932933859
2.677165354330709 11.49795013411307
2.7559055118110236 16.398092195102823
2.8346456692913384 14.190529512411786
2.9133858267716537 14.324230123586151
2.9921259842519685 14.582932970277765
3.0708661417322833 15.72715401494628
3.149606299212598 17.005080917214975
3.2283464566929134 16.82504921097121
3.3070866141732282 18.50878282736261
3.385826771653543 15.538671932257376
3.4645669291338583 17.895257269017197
3.543307086614173 24.735004959061317
3.622047244094488 19.31983174113306
3.7007874015748032 24.68046761871896
3.779527559055118 11.790044572243366
3.858267716535433 19.26139370482616
3.937007874015748 20.25689759004881
4.015748031496063 21.774249376410125
4.094488188976378 15.102788632571436
4.173228346456693 21.26286175978513
4.251968503937007 14.349241465117855
4.330708661417323 18.627353983174363
4.409448818897638 22.47223106993709
4.488188976377953 23.662007126601154
4.566929133858268 24.425523417664156
4.645669291338582 27.616535270979433
4.724409448818897 25.37821388427454
4.803149606299213 26.46642689277223
4.881889763779528 24.788316476649577
4.960629921259843 31.579147663171128
5.039370078740157 25.847126203942715
5.118110236220472 28.008237708894853
5.196850393700787 25.94681651490595
5.275590551181102 27.38206328504105
5.354330708661418 28.67107076042311
5.433070866141732 46.817827202262265
5.511811023622047 31.904550076713583
5.590551181102362 31.701186456878432
5.669291338582677 34.86077832834501
5.748031496062992 31.614035696745766
5.826771653543307 32.301255633609884
5.905511811023622 32.560437370017105
5.984251968503937 33.3805160495389
6.062992125984252 28.971149146160485
6.141732283464567 34.99646631231214
6.2204724409448815 34.307318497984795
6.299212598425196 35.31391204403447
6.377952755905512 34.42899554409631
6.456692913385827 32.905570374346965
6.535433070866142 40.83170191018307
6.6141732283464565 35.529826930017535
6.692913385826771 36.439869560719075
6.771653543307086 27.46108755911286
6.850393700787402 37.90940486941325
6.929133858267717 33.94055090019396
7.0078740157480315 36.920707384790305
7.086614173228346 35.46110424865306
7.165354330708661 40.3812187330377
7.244094488188976 40.64346847315353
7.322834645669292 43.274666318703154
7.4015748031496065 37.57064840887875
7.480314960629921 45.02224549629649
7.559055118110236 44.068607496523526
7.637795275590551 42.4218101999188
7.716535433070866 44.73234318322968
7.795275590551181 44.54809838109472
7.874015748031496 43.75759514545051
7.952755905511811 44.428893232665864
8.031496062992126 45.945471136012394
8.11023622047244 47.51500321368666
8.188976377952756 45.56173645993015
8.26771653543307 46.84946997702367
8.346456692913385 45.17876148138613
8.4251968503937 46.13898836064308
8.503937007874015 46.5904628362102
8.582677165354331 59.39864066309691
8.661417322834646 52.18477231053874
8.740157480314961 63.68927322800492
8.818897637795276 49.415402643453604
8.89763779527559 53.130646898228356
8.976377952755906 54.30181550501662
9.05511811023622 52.5330533376973
9.133858267716535 52.17198997111084
9.21259842519685 52.37328136792411
9.291338582677165 54.523938522135936
9.37007874015748 51.19121754854462
9.448818897637794 55.29496364031172
9.52755905511811 54.16670865920385
9.606299212598426 53.36122547059456
9.68503937007874 53.71452704320482
9.763779527559056 54.19606647145911
9.84251968503937 57.549606041426316
9.921259842519685 55.085988235361526
10.0 56.64930524770316
