0.0 -5.655215911789961
0.0392156862745098 -2.2724531348289037
0.0784313725490196 -2.905424399426181
0.11764705882352941 -4.586282579043488
0.1568627450980392 -3.3382020259405136
0.19607843137254902 -2.533242068916894
0.23529411764705882 -0.7487259900456347
0.27450980392156865 -2.3837425620513084
0.3137254901960784 -0.9212279050849139
0.3529411764705882 -0.809922184871307
0.39215686274509803 -1.6085302840682414
0.43137254901960786 1.3824658969202521
0.47058823529411764 -1.4940356650076256
0.5098039215686274 0.19014885488144198
0.5490196078431373 -0.21099278627675055
0.5882352941176471 2.2727125923161275
0.6274509803921569 1.5777301528737864
0.6666666666666666 54.0017677729228
0.7058823529411764 -3.531069052737047
0.7450980392156863 3.707385268800167
0.7843137254901961 1.9220036830505443
0.8235294117647058 1.4997121658458075
0.8627450980392157 2.096709046614621
0.9019607843137255 2.5026657975409328
0.9411764705882353 2.8417418226779243
0.9803921568627451 2.030201200178194
1.0196078431372548 6.388126518452383
1.0588235294117647 2.9968450716544766
1.0980392156862746 4.489300204959556
1.1372549019607843 4.146175489907004
1.1764705882352942 3.456686793917692
1.2156862745098038 2.5734126853267987
1.2549019607843137 -1.9348872038961202
1.2941176470588236 5.50928863418444
1.3333333333333333 3.434958008128818
1.3725490196078431 8.097953241883738
1.4117647058823528 5.653243731957871
1.4509803921568627 5.549797515897405
1.4901960784313726 5.57135353535419
1.5294117647058822 6.478427752787873
1.5686274509803921 7.519207827821742
1.607843137254902 7.102029294343139
1.6470588235294117 8.548616083499711
1.6862745098039216 5.341358361159646
1.7254901960784315 7.4607968706846375
1.7647058823529411 14.063397733493929
1.803921568627451 8.411077688330842
1.8431372549019607 13.534566738681907
1.8823529411764706 0.4069968649714806
1.9215686274509804 7.641199170319442
1.9607843137254901 8.39955622830726
2.0 9.67976118743375
2.0392156862745097 2.7711536163602277
2.0784313725490198 8.694079916339096
2.1176470588235294 1.5433127944369875
2.156862745098039 5.5842784852586576
2.196078431372549 9.192008744786557
2.235294117647059 10.144637974215787
2.2745098039215685 10.671007438043958
2.313725490196078 13.624872464124406
2.3529411764705883 11.149404250184684
2.392156862745098 12.000470431447539
2.4313725490196076 10.085213188090055
2.4705882352941178 16.63889754737678
2.5098039215686274 10.669729260913533
2.549019607843137 12.593693938630842
2.588235294117647 10.295125917407113
2.627450980392157 11.493225860307378
2.6666666666666665 12.545086508454608
2.7058823529411766 30.454696123058927
2.7450980392156863 15.304272170275416
2.784313725490196 14.863761723205435
2.8235294117647056 17.786206767437182
2.8627450980392157 14.302317308603111
2.9019607843137254 14.752390418232393
2.941176470588235 14.774425327404783
2.980392156862745 15.357357179691746
3.019607843137255 10.710843449078503
3.0588235294117645 16.499013787995327
3.0980392156862746 15.572719146433155
3.1372549019607843 16.342165865247996
3.176470588235294 15.220102538074999
3.215686274509804 13.459530541090828
3.2549019607843137 21.1485152496921
3.2941176470588234 15.60949344229174
3.3333333333333335 16.282389245758445
3.372549019607843 7.066460416917398
3.411764705882353 17.277630899982956
3.450980392156863 13.071630103528845
3.4901960784313726 15.814639760890346
3.5294117647058822 14.117889797518277
3.568627450980392 18.80085745466808
3.607843137254902 18.82596036754909
3.6470588235294117 21.22001138586388
3.6862745098039214 15.278846648804645
3.7254901960784315 22.493296908987553
3.764705882352941 21.302512081979753
3.803921568627451 19.418567958140198
3.843137254901961 21.491954114216252
3.8823529411764706 21.07056248484646
3.9215686274509802 20.042912421967415
3.9607843137254903 20.477063681947943
4.0 21.756494758059638
4.03921568627451 23.08888000849907
4.078431372549019 20.898466427507735
4.117647058823529 21.94905311736642
4.1568627450980395 20.04119779449406
4.196078431372549 20.76427784651618
4.235294117647059 20.978605494848463
4.2745098039215685 33.54963649450034
4.313725490196078 26.098621314707326
4.352941176470588 37.36597540493868
4.392156862745098 22.85495799315254
4.431372549019608 26.333055420692467
4.470588235294118 27.267077200245893
4.509803921568627 25.261168205691742
4.549019607843137 24.662958011870444
4.588235294117647 24.627102581448895
4.627450980392156 26.540612908425878
4.666666666666667 22.97074510759975
4.705882352941177 26.837344372132005
4.745098039215686 25.471942563789312
4.784313725490196 24.429312547945184
4.823529411764706 24.545467293320606
4.862745098039215 24.78985989434007
4.901960784313726 27.906252637072445
4.9411764705882355 25.205488003772825
4.980392156862745 26.531658188879636
5.019607843137255 30.619963142594898
5.0588235294117645 26.645317991144804
5.098039215686274 27.518612108378615
5.137254901960784 25.700279588186348
5.176470588235294 28.170339401748343
5.215686274509804 29.37900690007252
5.254901960784314 28.152335517169018
5.294117647058823 29.306384558159312
5.333333333333333 29.85749587719588
5.372549019607843 30.246234928706514
5.411764705882353 28.3012861995336
5.450980392156863 29.524305064292214
5.490196078431373 31.72836647896609
5.529411764705882 30.280030282283693
5.568627450980392 30.699510194549873
5.607843137254902 30.74033598336799
5.647058823529411 17.086356242204225
5.686274509803922 34.40107333219817
5.7254901960784315 30.62963815515288
5.764705882352941 31.872427829544247
5.803921568627451 32.35527968101193
5.8431372549019605 30.42815574871414
5.88235294117647 30.889928002878154
5.921568627450981 33.47217012633355
5.96078431372549 32.59272579870935
6.0 32.98077904210178
6.03921568627451 32.19861721359725
6.078431372549019 37.15068472105934
6.117647058823529 31.60594814961442
6.1568627450980395 37.616793284628464
6.196078431372549 21.3888166706218
6.235294117647059 35.247928925500766
6.2745098039215685 34.81761254144873
6.313725490196078 34.54017089175852
6.352941176470588 35.76723246009584
6.3921568627450975 34.76113372060664
6.431372549019608 35.38227629583035
6.470588235294118 36.213937760940375
6.509803921568627 45.39474051873457
6.549019607843137 33.945666634735474
6.588235294117647 37.57811585773106
6.627450980392156 37.95025286226904
6.666666666666667 36.678036666763276
6.705882352941177 35.86839492167374
6.745098039215686 24.604499547897664
6.784313725490196 38.67154148292487
6.823529411764706 37.54902434864259
6.862745098039215 39.27441350959647
6.901960784313726 38.16957581408471
6.9411764705882355 39.95255839277335
6.980392156862745 38.060867249989755
7.019607843137255 39.784967069870554
7.0588235294117645 38.75933675209953
7.098039215686274 34.07517295297849
7.137254901960784 39.498670156181916
7.176470588235294 39.87371401158652
7.215686274509804 42.097056432021006
7.254901960784314 40.482763465041565
7.294117647058823 38.698796267966
7.333333333333333 44.25083869715134
7.372549019607843 38.513797561392266
7.411764705882353 39.01402528808685
7.450980392156863 65.82075003570857
7.490196078431373 45.37678662728136
7.529411764705882 38.82106900919544
7.568627450980392 43.07280350234302
7.607843137254902 44.399177101060204
7.647058823529411 42.07545942422584
7.686274509803922 42.12233143693092
7.7254901960784315 42.066786835179485
7.764705882352941 41.553551156415395
7.803921568627451 43.806772167287164
7.8431372549019605 26.953221808735208
7.88235294117647 44.591978020522184
7.921568627450981 39.63887959790038
7.96078431372549 47.34546604082929
8.0 45.40900783490163
8.03921568627451 45.098286549701115
8.07843137254902 16.448710074302262
8.117647058823529 47.06363924687401
8.156862745098039 45.244071102177415
8.196078431372548 46.028316064505916
8.235294117647058 46.269970169037116
8.274509803921568 47.146818652019746
8.313725490196079 85.35158944243125
8.352941176470589 45.749280303958734
8.392156862745098 47.3129434245719
8.431372549019608 48.67137088244061
8.470588235294118 39.65087611263057
8.509803921568627 24.983554683946117
8.549019607843137 48.745553455814935
8.588235294117647 48.98134205875974
8.627450980392156 48.496732045418916
8.666666666666666 48.14068273048566
8.705882352941176 48.378244646451684
8.745098039215685 48.61988241102177
8.784313725490197 49.44195664520375
8.823529411764707 49.46517421320056
8.862745098039216 49.242910702297436
8.901960784313726 49.19287130245123
8.941176470588236 49.50745189497962
8.980392156862745 51.93539546360097
9.019607843137255 51.46148959335934
9.058823529411764 53.07022822356385
9.098039215686274 52.22784572409021
9.137254901960784 52.078526614638434
9.176470588235293 50.34585749192375
9.215686274509803 45.748596612930356
9.254901960784313 52.422794440458134
9.294117647058824 53.6389777645693
9.333333333333334 54.39204500853075
9.372549019607844 52.5861224810404
9.411764705882353 53.00828023950442
9.450980392156863 52.56840362992604
9.490196078431373 56.40693080893388
9.529411764705882 54.879177931624156
9.568627450980392 53.27931282031425
9.607843137254902 54.4798969127009
9.647058823529411 53.96444047590269
9.686274509803921 57.023395266328976
9.72549019607843 55.11652665116813
9.76470588235294 118.10616210309985
9.803921568627452 25.722610440595577
9.843137254901961 58.80080675896541
9.882352941176471 54.925960435174446
9.92156862745098 50.24318900907215
9.96078431372549 55.683631546397386
10.0 65.60370301494902
