0.0 -5.655215911789961
0.019569471624266144 -2.3903304227303654
0.03913894324853229 -3.141178975229105
0.05870841487279843 -4.939914442747874
0.07827788649706457 -3.8097111775463617
0.09784735812133072 -3.122628508424204
0.11741682974559686 -1.4559897174544063
0.136986301369863 -3.2088835773615427
0.15655577299412915 -1.8642462082966096
0.1761252446183953 -1.8708177759844642
0.19569471624266144 -2.787303163082861
0.21526418786692758 0.08581573000417042
0.23483365949119372 -2.908563119825169
0.25440313111545987 -1.3422558878375632
0.273972602739726 -1.8612748168972182
0.29354207436399216 0.5045532737941982
0.3131115459882583 -0.30830645354960506
0.33268101761252444 51.997853878597944
0.3522504892367906 -5.652860234963361
0.37181996086105673 1.4677167986723894
0.3913894324853229 -0.4355420749786951
0.410958904109589 -0.9757108800848937
0.43052837573385516 -0.496591287217542
0.4500978473581213 -0.2085118241926927
0.46966731898238745 0.012686913042837838
0.4892367906066536 -0.9167309973583545
0.5088062622309197 3.323317033014372
0.5283757338551859 -0.1858417016849972
0.547945205479452 1.1887361437186201
0.5675146771037182 0.7277341407646081
0.5870841487279843 -0.07963184312616667
0.6066536203522505 -1.0807832396185213
0.6262230919765166 -5.706960416742903
0.6457925636007827 1.6193381334361945
0.6653620352250489 -0.5728697805208887
0.684931506849315 3.9722481653325707
0.7045009784735812 1.409661367505242
0.7240704500978473 1.188337863543313
0.7436399217221135 1.0920165950986345
0.7632093933463796 1.881213524630857
0.7827788649706457 2.804116311763263
0.8023483365949119 2.2690604903831977
0.821917808219178 3.597769991638308
0.8414872798434442 0.2726349813967819
0.8610567514677103 2.2741962030203107
0.8806262230919765 8.75891977792814
0.9001956947162426 2.9887224448635914
0.9197651663405088 7.994334207313194
0.9393346379647749 -5.2511129542986925
0.958904109589041 1.8652120631478066
0.9784735812133072 2.505691833234163
0.9980430528375733 3.6680195044591892
1.0176125244618395 -3.3584653545157934
1.0371819960861055 2.4465836575616082
1.0567514677103718 -4.82206075224196
1.076320939334638 -0.8989723493217499
1.095890410958904 2.5908806223046867
1.11545988258317 3.4256325638324543
1.1350293542074363 3.8341247397591656
1.1545988258317026 6.670112477938153
1.1741682974559686 4.076766976096968
1.1937377690802347 4.80995586945836
1.213307240704501 2.776821338199415
1.2328767123287672 9.212628409584674
1.2524461839530332 3.1255828352199675
1.2720156555772992 4.931670225035816
1.2915851272015655 2.515224915910623
1.3111545988258317 3.5954475709094273
1.3307240704500978 4.5294309311551935
1.3502935420743638 22.321163257858053
1.36986301369863 7.05286201717308
1.3894324853228963 6.494474282201641
1.4090019569471623 9.299042038531926
1.4285714285714284 5.6972752917963865
1.4481409001956946 6.02947111352421
1.467710371819961 5.93362873479514
1.487279843444227 6.398683299180637
1.506849315068493 1.6342922806659308
1.5264187866927592 7.304585331681293
1.5459882583170255 6.260413402217658
1.5655577299412915 6.911982833131039
1.5851272015655575 5.67204221805658
1.6046966731898238 3.793592933170946
1.62426614481409 11.364700353870756
1.643835616438356 5.707801258568935
1.663405088062622 6.262819774134176
1.6829745596868884 -3.0709863426083306
1.7025440313111546 7.022306852555768
1.7221135029354206 2.6984287682001913
1.7416829745596867 5.32356113766023
1.761252446183953 3.5089338863867026
1.7808219178082192 8.074024255635043
1.8003913894324852 7.981249880614588
1.8199608610567513 10.257423611027916
1.8395303326810175 4.198381586067221
1.8590998043052838 11.294954558348667
1.8786692759295498 9.986292443439407
1.8982387475538158 7.984471031698392
1.917808219178082 9.93997989987298
1.9373776908023483 9.400710982601726
1.9569471624266144 8.255183631821222
1.9765166340508804 8.571457603900281
1.9960861056751467 9.733011392110516
2.015655577299413 10.947519354648492
2.035225048923679 8.639228485755694
2.054794520547945 9.571937887712917
2.074363992172211 7.546205276939088
2.0939334637964775 8.151408041059746
2.1135029354207435 8.247858401490568
2.1330724070450096 20.701012113240985
2.152641878669276 13.132119645546512
2.172211350293542 24.281596447876407
2.191780821917808 9.652701748188797
2.211350293542074 13.012921887827263
2.23091976516634 13.829066379479226
2.2504892367906066 11.705280097023618
2.2700587084148727 10.98919261530086
2.2896281800391387 10.835459896977847
2.309197651663405 12.63109293605337
2.328767123287671 8.943347847325777
2.3483365949119372 12.69206982395657
2.3679060665362033 11.208790727712415
2.3874755381604693 10.048283423966826
2.407045009784736 10.046560881440787
2.426614481409002 10.173076194558789
2.446183953033268 13.171591649389697
2.4657534246575343 10.35294972818862
2.4853228962818004 11.561242625393964
2.5048923679060664 15.531670291207766
2.5244618395303324 11.439147851856212
2.5440313111545985 12.194564681188561
2.563600782778865 10.258354873094833
2.583170254403131 12.610537398755364
2.602739726027397 13.701327609178076
2.6223091976516635 12.356778938373115
2.6418786692759295 13.392950691461948
2.6614481409001955 13.826184722597052
2.6810176125244616 14.097046486206224
2.7005870841487276 12.034220469131848
2.720156555772994 13.139362045989003
2.73972602739726 15.225546172761419
2.759295499021526 13.659332688177559
2.7788649706457926 13.960935312542281
2.7984344422700587 13.883883813458938
2.8180039138943247 0.11202678439371105
2.8375733855185907 17.30886658648619
2.8571428571428568 13.419554121539429
2.8767123287671232 14.544466508029341
2.8962818003913893 14.909441071595564
2.9158512720156553 12.864439851396313
2.935420743639922 13.208334817658866
2.954990215264188 15.672699653212796
2.974559686888454 14.675378037687132
2.99412915851272 14.945553993178102
3.013698630136986 14.045514876772108
3.0332681017612524 18.879705096332742
3.0528375733855184 13.217091236986358
3.0724070450097845 19.110059084098932
3.091976516634051 2.764205182190807
3.111545988258317 16.505440149168308
3.131115459882583 15.957246477214815
3.150684931506849 15.561927539623147
3.170254403131115 16.671111820059004
3.1898238747553815 15.547135792668339
3.2093933463796476 16.050401079990586
3.2289628180039136 16.76418525719914
3.24853228962818 25.827110727091885
3.268101761252446 14.26015955519133
3.287671232876712 17.774731490285454
3.307240704500978 18.028991206921965
3.326810176125244 16.638897723514738
3.3463796477495107 15.711378690523745
3.3659491193737767 4.329606028846207
3.3855185909980428 18.27877067597196
3.4050880626223092 17.038376253788215
3.4246575342465753 18.64588812684063
3.4442270058708413 17.423173143427405
3.4637964774951073 19.088278434214576
3.4833659491193734 17.078710003529523
3.50293542074364 18.684932535508864
3.522504892367906 17.54142492983638
3.542074363992172 12.73938384281388
3.5616438356164384 18.045003758115847
3.5812133072407044 18.30217032561898
3.6007827788649704 20.407635458152
3.6203522504892365 18.675465203271095
3.6399217221135025 16.773620718294076
3.659491193737769 22.207785859577953
3.679060665362035 16.352867435917418
3.698630136986301 16.73521787471054
3.7181996086105675 43.4240653344308
3.7377690802348336 22.86222463810213
3.7573385518590996 16.188629732114748
3.7769080234833656 20.32248693736087
3.7964774951076317 21.530983248176593
3.816046966731898 19.089388283440762
3.835616438356164 19.01838300824438
3.85518590998043 18.844961118591478
3.8747553816046967 18.213848151925934
3.8943248532289627 20.349191874896242
3.9138943248532287 3.377764228442821
3.933463796477495 20.89864315232833
3.953033268101761 15.82766744180506
3.9726027397260273 23.416376596832503
3.9921722113502933 21.36204110300339
4.011741682974559 20.93344252990141
4.031311154598826 -7.834011233398897
4.050880626223091 22.663040651271388
4.070450097847358 20.72559521867333
4.090019569471624 21.391962893100374
4.10958904109589 21.515739709730106
4.129158512720156 22.27471090481128
4.148727984344422 60.3616044073213
4.1682974559686885 20.64141798094733
4.187866927592955 22.087203813659034
4.207436399217221 23.327753983626284
4.227005870841487 14.189381925914784
4.2465753424657535 -0.5958167906711296
4.266144814090019 23.048304693296227
4.285714285714286 23.166216008339575
4.305283757338552 22.563728707097287
4.324853228962818 22.089802104262564
4.344422700587084 22.20948673232713
4.36399217221135 22.333247208995754
4.383561643835616 23.03744415527627
4.403131115459883 22.942784435371617
4.422700587084148 22.60264363656703
4.442270058708415 22.43472694881936
4.46183953033268 22.631430253446283
4.481409001956947 24.941496534166173
4.500978473581213 24.34971337602309
4.520547945205479 25.840574718326142
4.540117416829745 24.880314930951037
4.559686888454012 24.613118533597802
4.579256360078277 22.762572122981656
4.598825831702544 18.0474339560868
4.61839530332681 24.60375449571312
4.637964774951076 25.702060531922815
4.657534246575342 26.337250487982807
4.677103718199608 24.413450672590987
4.6966731898238745 24.717731143153554
4.716242661448141 24.159977245673705
4.735812133072407 27.880627136780088
4.755381604696673 26.234996971568904
4.774951076320939 24.51725457235754
4.794520547945205 25.599961376842725
4.814090019569472 24.96662765214306
4.833659491193737 27.90770515466788
4.853228962818004 25.882959251605566
4.87279843444227 88.75471741563582
4.892367906066536 -3.7467115347699185
4.911937377690802 29.213607495698454
4.931506849315069 25.22088388400603
4.951076320939334 20.420235170002265
4.970645792563601 25.742800419426047
4.990215264187866 35.54499460007622
5.009784735812133 26.912773627864325
5.029354207436399 26.261475319022836
5.048923679060665 25.84253749920321
5.068493150684931 27.57447295619834
5.088062622309197 24.854804818058486
5.107632093933463 27.718716832462864
5.12720156555773 29.118711163972083
5.1467710371819955 25.72019014891794
5.166340508806262 28.449759837213673
5.185909980430528 26.104863489953203
5.205479452054794 27.575274858756366
5.2250489236790605 29.087877423618924
5.244618395303327 26.532277414796397
5.2641878669275926 23.64405727252283
5.283757338551859 29.282824021048363
5.303326810176125 27.275570002040993
5.322896281800391 30.24795768855033
5.342465753424658 28.8303388398204
5.362035225048923 28.038249794444905
5.38160469667319 29.40722985256229
5.401174168297455 28.72220643786888
5.420743639921722 29.38583841879005
5.440313111545988 29.490593110891776
5.459882583170254 27.402766024523824
5.47945205479452 23.769263919604153
5.499021526418787 32.523301644312646
5.518590998043052 29.69790266119797
5.538160469667319 36.27166582241016
5.557729941291585 13.239248271384671
5.577299412915851 29.749991536065565
5.596868884540117 30.781789879679536
5.616438356164383 30.975650301463393
5.636007827788649 28.307747784986297
5.655577299412916 30.766887807776026
5.6751467710371815 29.81164392767149
5.694716242661448 47.685664180737234
5.7142857142857135 -10.903383951661716
5.73385518590998 29.14987083912767
5.7534246575342465 31.464258822153607
5.772994129158512 33.56493598330184
5.7925636007827785 32.05406002432459
5.812133072407045 31.896832526749677
5.831702544031311 32.661051796757526
5.851272015655577 31.771056086463346
5.870841487279844 30.0581386560566
5.890410958904109 34.17990717562482
5.909980430528376 35.29015182654577
5.929549902152641 27.47166422023922
5.949119373776908 31.778330564309293
5.968688845401174 33.1466559389233
5.98825831702544 31.748522698478
6.007827788649706 35.17171567469645
6.027397260273972 32.00149578686415
6.046966731898238 31.949281788351904
6.066536203522505 33.183687331327555
6.08610567514677 4.096079222062695
6.105675146771037 38.29968926438703
6.125244618395303 25.922096287367907
6.144814090019569 33.37645608583867
6.164383561643835 32.4966398716294
6.183953033268102 34.27498614196137
6.2035225048923675 33.863145581933914
6.223091976516634 33.17583400416923
6.2426614481408995 36.70467895258686
6.262230919765166 35.492824901986175
6.2818003913894325 33.382539884992006
6.301369863013698 33.39055289266607
6.3209393346379645 36.6253888364158
6.34050880626223 38.100201280945086
6.360078277886497 36.735265828961744
6.379647749510763 36.58358647726307
6.399217221135029 36.457394945380436
6.418786692759295 61.99113806541105
6.438356164383562 35.747717387979094
6.457925636007827 35.78569794310503
6.477495107632094 36.330448850494726
6.49706457925636 34.5355223322794
6.516634050880626 35.85553868691098
6.536203522504892 32.90429431941083
6.555772994129158 15.212542914129315
6.575342465753424 36.92917957120593
6.594911937377691 33.758072666835034
6.614481409001956 20.143614072674723
6.634050880626223 37.127941035620054
6.653620352250488 36.52224814264503
6.673189823874755 36.56193586334784
6.692759295499021 35.777091280507165
6.712328767123287 37.9915230223967
6.731898238747553 42.74296818869542
6.75146771037182 42.58977257344359
6.7710371819960855 33.971287102805
6.790606653620352 39.78176430121508
6.8101761252446185 38.688772559468795
6.829745596868884 40.54647937466712
6.8493150684931505 37.449665355920885
6.868884540117416 38.17233530372681
6.888454011741683 19.962225552855863
6.908023483365949 37.41270162885298
6.927592954990215 38.80971523082521
6.947162426614481 38.94001792156902
6.966731898238747 38.517541258245416
6.986301369863013 39.110102854614425
7.00587084148728 38.66247881273085
7.025440313111545 37.53751649359896
7.045009784735812 37.0781859239818
7.064579256360078 11.320144828959965
7.084148727984344 35.01556082519007
7.10371819960861 43.29462602994537
7.123287671232877 39.611255974517185
7.142857142857142 41.18817802904035
7.162426614481409 34.44150636825783
7.181996086105674 40.46595772989979
7.201565557729941 39.57521997724231
7.221135029354207 42.55072590433421
7.240704500978473 40.51577860555458
7.260273972602739 43.103829433179015
7.279843444227005 40.87033675955584
7.2994129158512715 173.55948006442927
7.318982387475538 40.47090025085008
7.338551859099804 -4056.303201129122
7.35812133072407 38.20213002329774
7.3776908023483365 40.39765269089309
7.397260273972602 42.73361318565007
7.416829745596869 41.710670608868746
7.436399217221135 40.278444626779255
7.455968688845401 41.0945076194478
7.475538160469667 41.52965070060401
7.495107632093933 44.06588635583061
7.514677103718199 47.890719764118025
7.534246575342466 42.18161440999179
7.553816046966731 52.291855605240755
7.573385518590998 35.375107208348
7.592954990215263 43.47564204912086
7.61252446183953 42.398028059197074
7.632093933463796 42.18003507366314
7.651663405088062 42.199183123078356
7.671232876712328 42.39981296220263
7.690802348336595 26.712885777749815
7.71037181996086 42.57041296170462
7.729941291585127 37.61297802915381
7.749510763209393 52.17507456507097
7.769080234833659 42.71804369537369
7.788649706457925 42.154739924093604
7.808219178082191 41.611372208801804
7.8277886497064575 45.01013292894987
7.847358121330724 53.560763785902395
7.86692759295499 44.59014029400642
7.886497064579256 43.91083325791695
7.906066536203522 44.5708651502646
7.925636007827788 45.08984014710556
7.945205479452055 44.436433188707305
7.96477495107632 54.52753901619654
7.984344422700587 39.76594493965555
8.003913894324853 55.57173158723125
8.023483365949119 45.55959460419431
8.043052837573384 45.437730600694195
8.062622309197652 59.30225252729181
8.082191780821917 46.744305579453034
8.101761252446183 45.6402565617386
8.12133072407045 45.9846545282767
8.140900195694716 45.51775009589218
8.160469667318981 45.79842210442949
8.180039138943249 43.71842277268787
8.199608610567514 46.74129848117124
8.21917808219178 48.52970515001824
8.238747553816047 46.024923005271624
8.258317025440313 46.814278177413584
8.277886497064578 47.48143847800248
8.297455968688844 46.574548065648784
8.317025440313111 45.80233317101191
8.336594911937377 46.984864718611384
8.356164383561643 47.413912533765064
8.37573385518591 50.09880338881282
8.395303326810176 45.61034682875519
8.414872798434441 41.80309287085331
8.434442270058709 47.25506828963652
8.454011741682974 49.13868958698476
8.47358121330724 46.82161388953894
8.493150684931507 52.49551118448451
8.512720156555773 47.45666949653592
8.532289628180038 49.362641637563335
8.551859099804306 48.38852702694219
8.571428571428571 47.605898251605495
8.590998043052837 48.757592639793344
8.610567514677104 48.9580979811189
8.63013698630137 49.95722993075086
8.649706457925635 51.00447634508979
8.669275929549901 48.74610288080481
8.688845401174168 48.8924288461423
8.708414872798434 47.17449593481066
8.7279843444227 43.00393963852116
8.747553816046967 46.80114954212972
8.767123287671232 50.26189591872498
8.786692759295498 49.38931482528866
8.806262230919765 47.65191482161807
8.825831702544031 50.776906221271695
8.845401174168297 50.11599365160777
8.864970645792564 47.01511310271206
8.88454011741683 46.321628665462235
8.904109589041095 51.510006221720445
8.92367906066536 47.599265919607724
8.943248532289628 51.737110730666004
8.962818003913894 50.11808758246667
8.98238747553816 51.23114442535049
9.001956947162427 49.25357677271704
9.021526418786692 53.419400238256976
9.041095890410958 56.78414345144674
9.060665362035225 51.69283472211963
9.08023483365949 50.43373903720208
9.099804305283756 53.49417734172663
9.119373776908024 98.04071130035715
9.13894324853229 51.97859976210205
9.158512720156555 52.93154277255982
9.178082191780822 50.04327256916663
9.197651663405088 47.08950468118925
9.217221135029353 52.8192624950199
9.23679060665362 52.32201552658982
9.256360078277886 52.043763926548
9.275929549902152 51.5796530196951
9.295499021526417 51.95637884172046
9.315068493150685 53.36820868166522
9.33463796477495 55.2474694955981
9.354207436399216 55.694392683022194
9.373776908023483 53.64110745172468
9.393346379647749 53.557147814483045
9.412915851272015 53.71136984252404
9.432485322896282 36.16692168299693
9.452054794520548 54.017186316844416
9.471624266144813 53.47253515285763
9.49119373776908 48.24415647030233
9.510763209393346 54.43007693510401
9.530332681017612 58.781983776228664
9.549902152641877 60.54694375476818
9.569471624266145 52.69075567244368
9.58904109589041 53.93797672992825
9.608610567514676 51.37650194446352
9.628180039138943 55.597306704226696
9.647749510763209 55.10066557434119
9.667318982387474 56.30565185951198
9.686888454011742 53.78495931906375
9.706457925636007 55.775580723381246
9.726027397260273 44.26768186197941
9.74559686888454 88.18184778831295
9.765166340508806 53.69818749725584
9.784735812133071 55.771409991200024
9.804305283757339 54.258135237960666
9.823874755381604 57.677283815041534
9.84344422700587 54.63999801886847
9.863013698630137 56.54886149840363
9.882583170254403 55.81614038063107
9.902152641878669 55.16662799646484
9.921722113502934 49.94064294924846
9.941291585127201 56.27642502094246
9.960861056751467 58.42094364480991
9.980430528375733 57.567668907928294
10.0 57.468650304607806
