0.0 -5.655215911789961
0.15873015873015872 -1.55536630009501
0.31746031746031744 -1.4712507299583943
0.47619047619047616 -2.435022074841807
0.6349206349206349 -0.4698546870049398
0.7936507936507936 1.0521921047525737
0.9523809523809523 3.553795018357726
1.1111111111111112 2.6358652810859464
1.2698412698412698 4.815466772786234
1.4285714285714284 5.6438593277337334
1.5873015873015872 5.562338063270694
1.746031746031746 9.270421078993081
1.9047619047619047 7.111006351799096
2.0634920634920633 9.512277706422058
2.2222222222222223 9.82822289999776
2.380952380952381 13.02901511332453
2.5396825396825395 13.051119508616082
2.698412698412698 66.192243963399
2.8571428571428568 9.376493972473034
3.015873015873016 17.332035128744145
3.1746031746031744 16.263740377728414
3.333333333333333 16.55853569525757
3.492063492063492 17.87261941076028
3.6507936507936507 18.995662996420485
3.8095238095238093 20.051825856291366
3.968253968253968 19.95737206852553
4.1269841269841265 25.03238422153361
4.285714285714286 22.3581896094696
4.444444444444445 24.567731577508575
4.603174603174603 24.941693697189915
4.761904761904762 24.9692918359345
4.92063492063492 24.803104562077493
5.079365079365079 21.011891507588473
5.238095238095238 29.17315418040293
5.396825396825396 27.815910389081196
5.555555555555555 33.19599245757001
5.7142857142857135 31.468369782378034
5.873015873015873 32.08201040105146
6.031746031746032 32.82065325524214
6.19047619047619 34.44481430740972
6.349206349206349 36.202681217177485
6.507936507936508 36.50258951843278
6.666666666666666 38.66626314232324
6.825396825396825 36.17609225471707
6.984126984126984 39.01261759897596
7.142857142857142 46.33230529651914
7.301587301587301 41.39707208608995
7.46031746031746 47.2376479711749
7.619047619047619 34.827164932198365
7.777777777777778 42.778454072280226
7.936507936507936 44.25389796500193
8.095238095238095 46.25118975886232
8.253968253968253 40.05966902252269
8.412698412698413 46.69968215723546
8.571428571428571 40.26600187006724
8.73015873015873 45.0240543956228
8.88888888888889 49.3488714898846
9.047619047619047 51.01858755404772
9.206349206349206 52.26204385260978
9.365079365079364 55.93299571342412
9.523809523809524 54.1746143342183
9.682539682539682 55.74276735021504
9.84126984126984 54.54459694159144
10.0 61.81536813561207
